0,243
0,386
0,554
0,553
0,472
175,35
10,279
10,197
10,35
10,137
10,167
10,257
10,111
10,281
11,10
11,27
11,30
9,2
8,10
8,18
8,11
8,1
8,14
170,3
170,2
170,1
170,0
169,3
169,2
169,1
169,0
168,4
168,3
168,2
168,1
168,0
167,3
167,2
167,1
167,0
166,4
166,3
166,2
166,1
166,0
147,3
147,2
147,1
147,0
20,3
20,2
20,1
19,3
19,2
19,1
18,3
18,1
14,3
14,1
13,3
13,1
12,3
12,2
12,1
11,28
11,26
11,25
11,24
11,22
11,21
11,20
11,19
11,18
11,16
11,15
11,14
11,13
11,12
11,11
11,8
11,7
11,6
11,5
11,4
11,3
11,2
11,1
10,309
10,291
10,283
10,277
10,275
10,272
10,271
10,263
10,259
10,255
10,254
10,253
10,246
10,245
10,231
10,219
10,205
10,200
10,186
10,179
10,173
10,171
10,168
10,161
10,157
10,155
10,151
10,149
10,109
10,81
10,74
10,23
